-20606640751
-706357420
-10858318214
-12084556808
-4478111645
-4495901190
329757058
11570306278
-9603000366
1023232946
-1666233025
-538240653
1301479270
-9872122936
2416045632
-7114553073
-6579003630
-11708481220
-10653227070
-5196697805
3764181088
3508359523
-61705273
-1378582262
-6638888566
6277764511
2087302548
12915542476
-4545697257
665075609
1641624701
-7743669770
-8277144345
-5333494245
-3163462191
-11498502816
1882372522
-9678470171
-7697906279
-6244232698
2602844
13064365704
-4310669281
-7552415943
-10331823735
-972889352
11504237568
-1634919120
-4236752157
-778631416
-1025288926
