16113,12228,19274,12260,8419,12155,6708,9806,6209,18291,6650,8956,7412,11446,8021,13815.5,19610,18348,6256,18828,16245,8608,18628,16772.0,14916,12706,18154,9453,9420.5,15287,12971,7179.5,9854.5,15279,19724,17529,16114
11061,12814,19244,12723,5727,14250,14901,10896,18932,6513,16591,19548,11494,13708,15348,6333,6907
14116,17404,18055,8700,11620,19138,7686,8753,8644.5,15006,19313,18994.0,18675,17695,8381,18530,17494,9079,19184,8576,11217,11009.0,16832,13526,5589,10157,5919.5,13300,13613,8367,19619,13423,15062.5,16702,7283,16609,16691,13912,14898,10893,10931,7270.0,13174,12891,17663,8369,13241,10801,18990
13216,10436,18748,12145,12466,8562,7829,6201,17248,18182,14721,17050,10387,16829,6562,7482,13774,12254,15103,15360.5,15618,5512,7920.0,10328,12423.0,14518,15270,9791,6229,19593,15018,7111,10700,7962,9581,17982,19773,16274,8134,13034,9967,19814,17915.5,16017,13897,15849,17335,12604,17419
11356,7706,19770,16321,16129,10819,15583,7538,14192,16070,14161.0,12252,18972,5902.5,9123,8102.0,7081,16543,6191.0,7141,13419,9623.0,5827,5553,7430,19226,10242,12316,19516,8260,8990,11166,16336,18263,5660,5957,18143,9132,16469,12967,17225
16599,10491,11395,10689,16831,8512,9161,7556,14589,5812,15492,17883,8737,5551,6719,16243,13496,7727.5,12546,19717,13861,6393,6000,9850.5,13701,14616,8133,16315,19739,19031,14044,17641,19465,13522,11937,9121.5,6306,7999,12756,15323,15887
19498,7477,5616,18524,12445,15222,12007,13092,17189,17109,12495,18891,14282,8090,8954,9101.5,9249,11745,18768,13490,6376,14095,13717,15349,16523,13617.5,10712,16219,11046,10053,10967.0,11881,12072,9096,6256,6180,19224,11924,19092,7478,16992
8957,18245,8241,18026,9574,7961,7325,6574,14337,15255,18902,8820,8017,11242,17815
11472,12617,13960,7946,10165,19772,18570,18734,8240,10694,5829.0,16307,17867,9972,11836,9657,12738,6586,18603,16614,8005,13431,10936
7192,12779,18046,6838,9677,14929,13517,12250,16480,8246,6422,11583,18983,10875,8878,12140,7329,12249,13459.5,14670,11232,9821,15709,18495,11970,12366
9941,17185,6663,16804,6732,8169,9160,10990,10501,8770.0,7039,11092,16665,11174,8065,14654,8170
16178,17360,18774,12722,7688,8215,14584,11339,13436,7300,17548,10376,10971.0,11566,11999,8663.5,10472.5,17374,14447,19579,15811,7584,17257,7001.5,13330,14872,7237,11646,18604,15685,19953,12385,11164,14055,17162,11309,9095,19219,8107,17599,6003,5947,16228,12292,10909.5,9527,17667,8296,17887,13782,7064,18833,6225
18803,19089,16157,10673,10198,8360,5597,14667,7105,19033,9651,10377,8133,16934,14704,14748,16126,12818,5600,15701,16958,6268,17923,12582,15737,17726,6235,5899,7450,13358,18214,6726,7725,6599,6173,5901,15401,6417,18810,10243,18170,18275,18795,18863,7985,9400,10426
8633,11785,17231,8442,19563,6299,18950,13476,13755,19597,18271,19181,7874,16752,9230,10693,9108,9752.0,10396,10502,7004.5,15033,8798,9364.0,18390,5930,10696,12682.5,14669,9909,11195,18793,5691,6472.5,11210,9370,11235.0,13100,5509,14460,9655,12710,9306,8825,13385,14953.5,16522,9727,14049,6495,12679
11357,12509,14599,14044,9525,19267,16409,9498,13154,11881,13826,9632,6421,18625,18457,9147,16423,13110,11847,19061,10746,18533,17317
5545,18316,17941,7751,12394,19512,5513,10685,15341,11740,10866,7615,13982,10925,13554,19213,17017,18992,7964,19153,8743,15105
15259,14083,18114,18622,9943,12972,15645,12652,5805,7480,9885,19181,12851.0,6521,13822,9566,17614,12450,18059,18487,5884,11602,12899,14947,16688,18657,15872,12386,8303,5942.0,8066,15453,10836,16826,12867,17954,12265,16608,12171,10493,11948,19774,7719,6977,16258,13492,10120
10050,15198,12744,13442,11913,16971,12203,17440,19037,19335,12296,19677,14917,14975,15500,16653,8842,7043,18318,16992,14570,16733,13627,12559,12019,10590,8815.5,7041,15740,9598,5704,11291,14425,19102,18285,9367,17945,6811,17723,8208,10466,11884,7420,6947,13935,12847.5,11760,5907.0,11361,9451,6087.0,6459,13827,6048,13749,15636,10730,18786,8683,7792,16987
13411,18917,10060,13538,7002,8071,16613,14877.5,13142,12741,18170,8259,5649,16551,15159,13983,9510,19020,19992,18303,7912,13331,11486.0,9641,19106,13651,9763,14128,13287,9232,5954,15680,14307,10628,13323,12032,11662,6064
16236,16727,15557,17297,6645,19669,6943,19956,8326,17745,11627.5,5510,13570,19567,11858,10036,7708,8739,9718.0,14142,19865,6783,6110,13032,9574,7005.0,8795.5,13155,12483,10730,11379,10418,6901,9171,8159,10756,17766,9135.5,16816,19296,16251,19510,18546,11971,18558,10259.5,5684,12502,12625,13925,6644,9990,8990,15303,17584,8168,19361
9454,15261,5841,7618,16606,9316,19531,10492,8238,14589,11601,17135,16613,14575,6960,17936,12220.5,6505,16501,15880,16489,9936,19310,15826,5792,12749,15517,8114,6892,12785,18152,19159,6758,19630,16095.5,12561,19480,10233,8564,18147,9141,10816,8068
13575,7734,17870,18134,14326,15521,14693,19773,9098,8676,12118,10782,18882
6919,15179,10412,10334,15381,18095,12882,13445,9340,7881,13893,5969,7185,14129,6137,5612.0,10633,6935,11920,13251,10751,9922,16417
12811,10800,12039,18721,11306,19791,19590,13533,10507,16979,18613,12577.5,6542,18818,12914,8003,5636,19014,10479,11456,13391,9816.0,17661,13340,11335,11960,10608,15099,19720,11793
12015,13705,17193,6074,17265,5643,7838,7802,18897,6697,14571,12596,11482,16682,6900,11474.0,16048,15055,9720,7625,16269,6969.5,10033,7972,6388,18503,13098,13789,8326,7614,14971,6803,14563,18331,16241,11645,9494,19822,15007,8695,9030.5,9366,12091.5,19045,19827,17429,9648,7708,17429,7747,10629,13288.0,15947,19288,5555,12131,12562,8841,16028,7641,12986
8609,11553,19148,11374,12943,13828,17832,13520,10011,12378,11682,11030,6092,7506,8519,12947,13449,19581,16038,8008,5779,14218,10649.0,16316,9981,15597,15501,18407
14659,19521,11404,16963,10946,9717,10757,16384,10083,15830,16996,15453,11216,17138,10640,11707,14652,18011,6101,19520,8356,9366,5503,10182,7617,18244,15288,12162,17148,7036,7722,15820,16776,13338,11964
8944,9351,12961,19421,14706,15513,5809,14274,16924,11628,18499,8676,8940,12755,9629.0,6503,8298,14835,7840,11733,8570,11770,15794,7930,12182,11900,5853,16875
12870,15608,13812,14455,14325,9548,11170,12941,16246,6112.0,8444,11518,5559,17514,6962,6828,10070,10132,11940,11187,18053,15809,9735,16114,16746
10493,6260,13456,13941,18271,19211,12419,19528,13058,7347.5,14584,11690,15511,14992,8074,12323,8547,9625,17903,8184,9284,9774.0,17475,17816,9172,7114,19432,18922,14785,15041,14462,16494,9175,7488,15158,10235,18872,16405
17189,15956,17897,17955,13662,13571,11446,16908,16537,16414,6310.5,9960,5826,12959,19405,10455,17963,17841,6334,18632,8584,9129,5590,18688,6122,13953,8508.5,6423,19761,14854,16457,11847,13923,16624,10979,6583,19313,9189,13031,11283
14355,18328,12845,6494,18302,5645,10062,11684.5,13307,10432,16727,8036,16276,9788,16517,19339,17179
13036,18713,13738,18521,9759,15179,9104,5747,16776,6705,9196,18011,16093.0,14175,18819,18970,9152,12350,7113,19180
15809,10282,13140,8280,16835,14917,11805,11588,16041,7326,6937,9772,6249,19488,15733,14185,16158.5,18132,16280,9431,7739,11724,14700,11359,17362,16648,9594,8351,11866,7254,15899,18796,14631,8863.5,12684,6009,19448,18831,18076,17792,7616,13792,12430,18785,12789,17950,10459,7343,6597,15516
5619,19501,7695,18721,10191,7366,16711,19464,8779,14605,11502,12967,16979,15859,8481,17565,14809,11464,8815,6633,7812,16542,18007,10487,17420,11802,6714,11513,11809,18117,5935,18784,19628,12868,19506,14273,16925,18685,16492,15714,7461,7371,19431,11452,19054,8623,9140.0,9657,16286,5870,8067,16987,17766,6558,17053,6850,9811,7330
5659,8304,19409,15850,12668,9039,8142,7323,11413,9227.5,7042,5855.0,14544,13957.0,13370,17928,13887,11221,6715,13552,9936,9651,19602,8474,19131,15905,14388
8393,8806,6987,5760,6101,10846,14318,11429,18291,16258,9801,14572.0,19343,7898,6840,7285,14864
16115,9722,8143,6438,10744,11201,14579,12106,18685,6996,8543,9020,13253.0,17486,8228,8189,10944,19658,11611,9058,6539,8636,13632,9147,17010,18204,5683,6369,13291,5772,18119,18620,17871.5,17123,15922,19715,12461,6281,7582,17860,8195,17950,16665,16514,19279,6644
19174,11935,14745,8921,12184,11043,11373,18204,19459,10355,6481,19568
11646,18330,11080,12570,6693,17873,11560,12653,16080,7226,13389,12481,19920,9472,17278,9134.0,16330,19659,10178.5,5918.5,8015,17060,11011.0,17675,13014,11168,6874,10927,6286,16694,13572,19861,9048,10743,14782,10182,7898,12088,12827.5,13567,17429,6719,18707,12844,18425,13948,11541,9528.0,7515,17175,9236,9247,19886,8540,11016,15304,13495,6811,17057,14010,10936,7297
14387,18654,13234,8045,12003,13152,11445,11517,6680,8688,8932,14972,13767,18448,13993,9566,17989,9241
17730,6452,14184,6796,13378,16905,15740,12402,12624,18733,14136,13469,16046,9244,9094,16359,5936,14326,16822,8888,11456,6352,11070,16180,13039
18101,11244,11300,15108,10133,9134,17010,12389,12758,10796.5,8835,9972,6130,5775,7610,18143,12236,11320,14171.0,17022,5684,8009.0,10334,7136,19257,19938,13928,6079,12423,18747
10585,7789,6978,8010,8581,6054,11313,8279,17157,12878,8015,17390,10270,11554.5,12839,8048,14693,17902,11068.0,7800,6721.5,5643,17646,7008,6506.0,6004,7200,10620.0,14040,6966,11404,19737,5593,10667,19280,5857,6168.0,6479,12171,15404,9173,10546,17176
17114,12207,11776,19560,12770,13362,7473.0,12084,8997,18123,10756,9182,14169,9550.0,15413,15838,15692.0,15546,10740.5,5935,14131,19403,7972
17439,13884,13586,19920,12567,19125,19615,7164,8663,11163,10667,19424,12958,9165,19387,10296,6633.5,9504,18140,7351,19468,5682.5,7952,17536,16287,13890,10349,15998,12479,5731,9568,17762,8069,15233,16421.0,17609,9279,15975,14213.0,12451,9380.0,18160,8797,13498,6994,11589,13357,11564,9962,7083,15131
15219,18422,11070,9971,9110,18482,16381,16867,7018,7368,9610,12711,16790,16110,17468,9811,17726,11077,10888.5,18220,10296,6419,10592,10667,16681,12540,13810,6385,6752,8137.5,9523,12070,12962,9741,8442,13407,7012,12409,6387.0,9979,15966,18517,14612.5,10708,12899,15277,14336
17120,15518,15936,8797,15357,17475,10237,8689,12704,7972,12634,12343,16968,12370,12776,16385,10170,12020,8194,9838
9016,14130,9759,19932,10044,13367,18342,13176,16502,18880,9530,11429,10767,7823,8169.0,8515,19113,16867,19381,17186,17089,12997,11774,10191,19802,5844,14820,10915.5,7011,8756,8757,15351,18336,18333,10179.0,19705,16236,18618,12572,5747,15681,10432,8642,13242,15674
12147,17838,18366,12154,17033,7514,12945,11989,5964,8657,10771,6261,13026,17744,14717,11836,5851,18146,10312,14937
11945,12891,18396,14809,9231,12823,14079,13774,7189,8222,15045,19764,16645,19508,16543,11495,19747,10949.5,7772,5890,19535,11001,9450
7514,10706,15675,19665,18772,7664,10234,12376,18639,16406,11603,13524,11511,8174,15276,14614,13161,15450,18043,9017,15118,7207,9872,15437
15097,14492,11548,6605,17072,19983,13196.0,6409,7331,17057,15101,19630,12782,13490.5,14199,16878,8361,17704,12077,7831,6238,10053,12231,17829,16533,7652,17690,11237,10391,17041,18567,8440,7098,7348.0,7598,13663,12071.0,10479,9717,18356,18751,11417
12914,13394,17588,10315,11840,13273,14237,6385.0,12272,16209,7243,13819,9890,7142,14837,11654,14709,16900,11706,7072,7529,17422,9203,8511,7173,5767,10321.5,19490,15393,14584,14562,10415
8964,19170,12704,11361,6096,16528,10424,16398,14879,13344,13978,10832,7549,6681,17165,12287,18636,15034,12817,10504,8602,16647,9360,14316,10064,18392,8703,10896,5958,8268.0,10578,7936,9203.0,10470,7679,6143,13677,19640,12097,14226,17535,11817,19753,11310,6012,7638
13626,7428,17252,15091,5522,5891,16783,11266,7975,13972,8092,17233,5831,17367,7412,12529,19818,6802,15600,14644,15854,8761,15820,6209,15391,17721,5504,19423,11969,13107,13025,13879,9823.0,17326,15731,12381,12595,10704,12042,16909,17664.5,18420,15031,6254,11455,18976
6423,6251,17990,14927,15029,17650,15197,8030,7064,5825,18476,7300,6347,13176,16766,18761,17903,14906,17136,9749,13766,19969,6051,6702.0,7353,15128,10881,17348,11053,6657,11150,9505.0,7860,7200,13124,19601,5593,14021,11041,7039,18083,11018,11007,7423,17823,17975,7644,16681
19536,10489,18807,16518,5583,13500,7369,17010,18368,11026,7969,8142,9908,6359,7656,16335,5949,13407,18847,7686,6269.5,19354,9593,18802,19853,19416,10219,16335,15453,13005.5,10558,13921,8515,6335.5,8192,16467,6672,14249,9904,12495,11649,15586,19404,17937
19143,8501,19510,19575,12876,18811,12326,14371,14342,14529.0,14716,19467,15369,9256,14460,19837,18176.5,16516,11733,10654,19988,15638,6300,9295,11615,11105.5,10596,13553,18436,8609,17317,10056,6741,17159,6590,12085,6614,7882,11549,8850,17603,12599,6216,10093,18165,13929,13426,7167,11267,5617,13463,15168,14712
10131,10544,9709,15084,14854,15777,8656,6136,11935,15589,18641,9633,12980,15142,10385,9715,12655.5,15596,10482,19673,9259,7218,7884,12286,9359,6020,12987.0,19954,6421,15224,6859,14454,10425
12336,11514,18035,18797,13791,10879,7528,12461,11787,17310,19100,14807,13771,19228,16910,13157,12510,13521,9896,12409,6232.5,8830,7755,13523,15170,14795,19010,15061,5804,7244.0,8684,5886,7752,11111,5719,14071,6668
17858,15341,10691,16717,19077,9769,11520,7288,15365,15789,9953,19990,6550,11566,11504,18976,18573,9839
7213,10750,10434,14672,13717,12525,6353,18049,14726,19201,18906,12879,15377.0,17875,5625,11931.5,18238,11088,15614,9031,7602,15079,10684,14477,16349,9961,5582,10491,9214,19689,14647,8429,15226,13618,12248,8936,7115,13683,7031.0,13474,12532,5491,16485,14006
11906,16142,9877,12871,17869,5890,12234,5551,9684,5696,10535,17644,15470,16560,15225,6579,10349,8300,8421
19154,9026,16110,13113,19645,8170,8723,18517,16229,9165,7428.5,5692,9391,6004,18089,18042,14722,19498,7871
13732,11726,5486,11730,18242,11955,11216,14553,15773,13988,19921,14579,12848,6757.0,8854,11400,15044,13456,7940,14158,12927,10489,8020,13487,12793,10890,15798,17113,7709,8195.0,8681,16293,19909,16133.0,12357,7614,15573,17875,10084,15170,15834
17965,10490,18613,8844,16820,15065,12075,5989,10537,7174,12252.5,17331,13968,16960,15167,11902,16433,17847,10624,14629.0,18634,13041,14295,7761,9303,15914,9078,10022,12975,5813
19919,18822,10574,15039,13880,7570,11496,8092,11185,11729,5859,18143,7300,12120,12944,15527,14856,15983
13884,9193,5623,14812,11865,9860,8094,12666,9541,7800,9028,19341,10148,12644,8584,13766,6524,8432,8924.5,9417,12939.0,16461,17709,19231,13627,11175.5,8724,6811,9799.5,19595,19828,8011,13165,9424.5,5684,18225,19087,16178,8978,15923,10317,10890,7267.5,8231,18247,12316,19970,13771.0,7572,18647,16090,16795,19230,19820
9627,14168,10087,6393,16006,12652,12205,13024,12974,17841,9010,16104,7974.5,13433,5573,19980,19836,18565,15622,16462,14752,8587,6542,8323,17331,8350,18330,14245,12843,10672.0,8501,11238,10408,5549.0,13856,12929,5749,8090,16126
10842,13312,15078,11175,14092,17954,19619,16630,12443,19629,11554.0,9793,13545,13222,16208,15523,14292,10593.0,18531,6931,14751,6811,19524,9654,6971,6439,13622,5623,11815
14095,9541,19678,7770,7999,10574,19256,11678,17945,6305,14754,13852,9956.5,6061,9802,5517.5,7838,13617,15169,7965,17880,6108,8243.5,10379,19905,13386,17432,13590,13791,6111,7523,14033,10859,6553,17681,13955
12726,17164,6321,13158,19586,5580,6388,17949,17880,14103,15169,10205.0,17351,17524,6414,16145,8734,14089,5734
7011,14613,19408,17682,16487,19316,8680,19901,17222,9506,16848,6254,5886,6809,14776,19074,6568,14812,6815,14424,8962,11705,19352,15632,14232
16097,12258,19689,19419,13713,6862,19712,17125,13451,10816,15030,9880,13011.0,16142,10053,8252,13081,5492,19908,10265.5,14504,6991,19660,12115,14453,6031,15476,6281,11045.0,15809,18738,11114,9674,18656,10896,9321,10384,7566,13544,10058,18575,13569
18096,13752,17126,6946,18449,19894,17071,10039,19328,6325,11835,8243,15544,14026,17178,16458,8467,15416,10417,7115,14296,17880,11297,16228,8619,10244,17031,18758,15086,6767,7448,10925,19318,16240,9213,7596,18842,18311,16069,13211,14105.0,14999,10953,13933,15181,15763.5,16346,17553,18123,9018,8205,8226.5,8248,7539,10231,11531,18017
10608,9690,9259,18584,7247,15360,16011,19857,7136,19267,17707.5,16148,13612,19339,6059.0,7935,17559,11002,18488,14007.0,9526,16311,11451,13502,16894,18773,7385,8880,13928,11901,11461,7651,14674,15211,14245,13722,7533,12586,6135,13127,18379,14266,5638,19637,8504
15554,11718,15772,19373,17101,17750,7333,18192,16075,11285,13932,14372,12289,9167.5,6046,11988,7473,14852,12774,13705,12236,18186,7677,13578,8160,9201,13504,6474,18911,13961.0,9011,10056,10254,12822,17567
12123,17743,15044,13489,8733,8728,7009,16107,8452,11754,10501,13205.0,15909,11734,12146,9752,12458.5,15165,15856.0,16547,9569,7216,14429,10640,15641,13003,7908.5,11088,17015,14162,9408,5641,11841,18658,10323,10121,7074,11173,10964,16962,8861,6440,18481,16088,6945,5619,19132,10786,7689,14119
14726,10757,10008,17912,16325,15828,15279,18048,9171,13983,7505,17390,18828,18513.0,18198,14265,7221,5986,7934,8027,9041,12307,13384,6590,19614,13611,14050,14547,14363,6174
9435,10059,7081,8101,13036,14026,7382,15708,10085.0,18138,12382,17531,6264,10430,16934,10430,10249,17055,6919,5912.5,5938,10714,12348,10873,6095,12191,6219.0,12705,15190,19872,18027,12482,8754,16741,15787.0,14833,13510,16038,10538,14463,15892,16534.5,17177,10311,19989,10471,14426,16054.0,17682,11984,12561,9114,15516,6116,17027
12862,17690,11331,6718,12907,16818,19589,6685,15136,17512,15305,19386,18223,12785.5,7348,10879,17220,10012,15990,18662,5769,15797,12271.5,8746,6492,8163,8218,18814,6606,18972,13587,13026,6768,7083,17981,8643,14145,7900,6013
6757,6041,17840,6660,8645,11778,5782,11872,17616,6211,10402,17542,16903.0,16264,19921,11598,11067,19785,8735,6497
9480,14209,7076,16288,12102,17404,16227,7312,12319,13390,14067,11871,9018,18553,16831.5,15110,9696,7471,13268,13254,7098,5818,12446,12374,11458,9393,19300,10963,15446,8396,10409,6893,8793,19652,13710,18536,19934,8989,7044,11894,10976,8053,17416
5846,13731,15884,11613,7668,18066,6005,9226,9661,14624,12489,11826,16876,18675,15773,16398,9442,5715.5,9266,8871,8628,11866,17298,16161,7764,9947.5,12131,17728,9934,15739,15245,15499,13662,13025,15096,10585,17626,7279.0,11501,13782.0,16063,5491.0,8109,10242,13336,8666,14761,18101,19772,16484.5,13197,7183,5943,8659,18113,6184
11796,9198,13730,9818,10294,14779,19838,19201,13577,10090,11502,14040,9308,11319,13918,8461
14791,17085,14065,13685,6785,18791,7649,9234,18545,14158,6148,6528,11100,6964.5,16236,19214,14114.0,9014,13111,18871,14111,18695,17212,18361.0,19510,9765,15815,16785,16893,13382.0,9871,11083,17454,12627,11355,10752,12990,16032.0,19074,7928,12962,16858,13522,15491,15347,19950,19456,17537,9470,17296,16574,6047,14464,10584,17723,16316,13288,9279
5854,12552,12110,13215,6146,17881,6056,19064,12307,8132,17451,6905,7307,8029,10963,16956,15995,13544.5,11094,13286,12898,17737,14568,13020,7585,7677,13318,11912.5,10507,7875,15333,18978,16560,16270,17352,18322,11357.5,6764,10916,15430,14277,18591,14562,6120,19112,8660,7482,9112,7423.0,5734,18031,9580,9728,9390.0,9052,10130,9262,15968,8056
12838,15180,9873,12349,13266,14632,19853,17374,18142,14296,17779,18630.0,19481,13636,19954,18055,18768,15791,18999,13535,16286,7247,11855,6274,17840,10215,8966,6620.0,9553,16592,13365,7186,12555,5939,6021,7479,19001,15199.5,11398,6752,19138,8675,9018,10989,10592,14890,15943.0,16996,12967.5,8939,6177,15785,17935,7017,19831,5629,12759
10202,12465,18807,10185,12722,11787,18079,8211,10580,13836.5,17093,17951,10299,9866.5,9434,17688,16930,14107,11328,5607,12250,7003.5,16243,8066.5,13232,13447,10877,18990,8471.0,12181,8421,17008,16931,6326,15614,6524,6965,12329,17546,17353,19856,8640,5662,17616,19141,16699,15637,12495,13977,12056,7554,13624
11821,10860,9784,11699,19112,12451,16792,6959,17298,17538,12741,5542,18725,14045,12079,10840,5641.5,19908,10355,15562,19415,18535,9928.5,19618,17225,9009,13170,15895,8011,12081,17354,16439,13769,19128,10717,10181.5,9646,10815,15201,9119,17079,6169,5617,15339,7885,19095,17045
19162,9711,18737,8587,18351,15001,17542,14895,7861,12691,10641,12179,16405,6597,13036,12506,18303,13886,18705,18354,15635,5664,18157,7207,5934,9022,19480,11307,7384,16807,7247,18358,14698,15771,19041,19235,10365,18492,17401,7167,19956,19974,19016,17577,10011.0,16297,13821,7551,18785,11089,6972,18103,10937,11486,11321,8636
14477,12839,18559,14620,18328,10504,16728,7227,17018,17701,9900,16240,17784.5,19329,17911,8363,10833,8659,5978,10452.5,14927,6394,12339.0,18284,12523,15555.0,18587,18413.5,18240,15409.5,12579,14252,8329.0,14141,9512,5631,10526,10762,9216,8152,9681,9808,9520,14652.0,19784,10810,16983,13503,8675,16423,18668,16821,14929
11318,5926,8344,8804,19522,11653,10894,14881,7827,10403,8559,16872,12136,8170,15280,11729,13624,6529,12211,14964,11626,15009,11643.5,8278,18640,13841,16970,17578.0,18186,12811,18524,13744,8776,8601.5,8427,16357,7206,8924,17797,9990,17545,16879.5,16214,5799,17482,18913,11974,16298,16972
